ISS (ZARYA)
1 25544U 98067A   23306.91185590  .00018804  00000-0  34419-3 0  9997
2 25544  51.6416 339.7548 0003273 349.8804 117.7027 15.50033104423026
HST
1 20580U 90037B   23307.21858509  .00003027  00000-0  10762-3 0  9990
2 20580  28.4697  66.5050 0002598  91.6033 118.9189 15.10545920436855
STARLINK-2636
1 48274U 21036V   23308.12500000  .00000523  00000-0  44005-4 0  9995
2 48274  53.0543 325.3211 0001222  93.1111  85.2222 15.06381000 12345
STARLINK-2637
1 48275U 21036W   23308.12500000  .00000523  00000-0  44005-4 0  9995
2 48275  53.0543 325.3211 0001222  93.1111  85.2222 15.06381000 12345
SENTINEL-3B
1 43226U 18029A   23308.83333333 -.00000011  00000-0  00000-0 0  9996
2 43226  98.6675 315.6322 0012488 281.8519  78.2045 14.28668482276527
JWST
1 49260U 21088A   23308.50000000  .00000000  00000-0  00000-0 0  9994
2 49260   4.2530  92.5152 0524419 321.2222  38.7778  0.00557430  6801
CHANDRAYAAN-3
1 55909U 23028A   23308.50000000  .00000000  00000-0  00000-0 0  9998
2 55909  21.4111 251.2222 0524419 321.2222  38.7778  0.00557430  6801
AQUA
1 27424U 02022A   23308.50000000  .00000000  00000-0  00000-0 0  9997
2 27424  98.2435 251.2222 0524419 321.2222  38.7778 14.57144820  6801
ELEKTRO-L 1
1 37348U 11002A   23308.50000000  .00000000  00000-0  00000-0 0  9996
2 37348   0.1245 251.2222 0524419 321.2222  38.7778  1.00270000  6801
TERRA
1 25994U 99025A   23308.50000000  .00000000  00000-0  00000-0 0  9995
2 25994  98.1111 251.2222 0524419 321.2222  38.7778 14.57144820  6801
COSMOS 1408 DEB
1 13552U 82092C   23308.50000000  .00000000  00000-0  00000-0 0  9994
2 13552  82.5511 251.2222 0524419 321.2222  38.7778 14.57144820  6801
CZ-5B R/B
1 48078U 21016B   23308.50000000  .00000000  00000-0  00000-0 0  9993
2 48078  41.5111 251.2222 0524419 321.2222  38.7778 14.57144820  6801
BREEZE-M DEB
1 40258U 14055B   23308.50000000  .00000000  00000-0  00000-0 0  9992
2 40258  49.5111 251.2222 0524419 321.2222  38.7778  2.57144820  6801
TITAN 4B R/B
1 26405U 00045B   23308.50000000  .00000000  00000-0  00000-0 0  9991
2 26405  12.5111 251.2222 0524419 321.2222  38.7778  1.00270000  6801
FENGYUN 1C DEB
1 43772U 18092B   23308.50000000  .00000000  00000-0  00000-0 0  9990
2 43772  98.5111 251.2222 0524419 321.2222  38.7778 14.57144820  6801
